Statistical Tool for Agricultural Research (STAR)
Result of Randomization
Thu Oct 30 10:49:45 2014


[1] "here 1"
[1] "here 2"
[1] "here 3"
     Phase,    Search%,    A-measure
[1] 1.0000 0.0000 0.8125
[1]  1.0000000 10.0000000  0.6666667
[1]  1.0000000 20.0000000  0.6666667
[1]  1.0000000 30.0000000  0.6666667
[1]  1.0000000 40.0000000  0.6666667
[1]  1.0000000 50.0000000  0.6666667
[1]  1.0000000 60.0000000  0.6666667
[1]  1.0000000 70.0000000  0.6666667
[1]  1.0000000 80.0000000  0.6666667
[1]  1.0000000 90.0000000  0.6666667
[1]   1.0000000 100.0000000   0.6666667
 [1] 0.6666667 0.6666667 0.0000000 0.0000000 0.0000000 0.0000000 0.0000000
 [8] 0.0000000 0.0000000 0.0000000
9 rows by 1 column
     Phase,    Search%,    A-measure
[1] 2.0000000 0.0000000 0.7378209
[1]  2.0000000 10.0000000  0.7111111
[1]  2.0000000 20.0000000  0.7111111
[1]  2.0000000 30.0000000  0.7111111
[1]  2.0000000 40.0000000  0.7111111
[1]  2.0000000 50.0000000  0.7111111
[1]  2.0000000 60.0000000  0.7111111
[1]  2.0000000 70.0000000  0.7111111
[1]  2.0000000 80.0000000  0.7111111
[1]  2.0000000 90.0000000  0.7111111
[1]   2.0000000 100.0000000   0.7111111
 [1] 0.6666667 0.8888889 0.7111111 0.0000000 0.0000000 0.0000000 0.0000000
 [8] 0.0000000 0.0000000 0.0000000
[1] "here 1"
[1] "here 2"
[1] "here 3"
     Phase,    Search%,    A-measure
[1] 1.000000 0.000000 0.712766
[1]  1.0000000 10.0000000  0.6666667
[1]  1.0000000 20.0000000  0.6666667
[1]  1.0000000 30.0000000  0.6666667
[1]  1.0000000 40.0000000  0.6666667
[1]  1.0000000 50.0000000  0.6666667
[1]  1.0000000 60.0000000  0.6666667
[1]  1.0000000 70.0000000  0.6666667
[1]  1.0000000 80.0000000  0.6666667
[1]  1.0000000 90.0000000  0.6666667
[1]   1.0000000 100.0000000   0.6666667
 [1] 0.6666667 0.6666667 0.0000000 0.0000000 0.0000000 0.0000000 0.0000000
 [8] 0.0000000 0.0000000 0.0000000
9 rows by 1 column
     Phase,    Search%,    A-measure
[1] 2.0000000 0.0000000 0.8299698
[1]  2.0000000 10.0000000  0.7111111
[1]  2.0000000 20.0000000  0.7111111
[1]  2.0000000 30.0000000  0.7111111
[1]  2.0000000 40.0000000  0.7111111
[1]  2.0000000 50.0000000  0.7111111
[1]  2.0000000 60.0000000  0.7111111
[1]  2.0000000 70.0000000  0.7111111
[1]  2.0000000 80.0000000  0.7111111
[1]  2.0000000 90.0000000  0.7111111
[1]   2.0000000 100.0000000   0.7111111
 [1] 0.6666667 0.8888889 0.7111111 0.0000000 0.0000000 0.0000000 0.0000000
 [8] 0.0000000 0.0000000 0.0000000
Error in designAlphaLattice:
undefined columns selected